129 2 127 129 255 129 127 128 255 1 
133 133 4 132 3 131 2 130 1 129 0 
135 135 6 134 5 133 4 132 3 131 2 
64 129 63 192 255 192 191 192 127 128 
194 194 130 66 1 193 129 65 0 192 128 
67 195 131 67 2 194 130 66 1 193 129 
160 64 159 224 127 224 95 224 63 192 
225 97 65 33 0 224 192 160 128 96 64 
161 225 193 161 129 97 65 33 0 224 192 
208 32 79 240 63 240 47 240 31 224 
240 176 160 144 128 112 96 80 64 48 32 
80 240 224 208 192 176 160 144 128 112 96 
232 16 39 248 31 248 23 248 15 240 
248 88 80 72 64 56 48 40 32 24 16 
40 120 112 104 96 88 80 72 64 56 48 
244 8 19 252 15 252 11 252 7 248 
252 44 40 36 32 28 24 20 16 12 8 
148 60 56 52 48 44 40 36 32 28 24 
250 4 9 254 7 254 5 254 3 252 
254 22 20 18 16 14 12 10 8 6 4 
202 30 28 26 24 22 20 18 16 14 12 
125 2 4 255 3 255 2 255 1 254 
127 11 10 9 8 7 6 5 4 3 2 
101 15 14 13 12 11 10 9 8 7 6 
190 129 2 127 129 255 129 127 128 255 
191 133 133 4 132 3 131 2 130 1 129 
178 135 135 6 134 5 133 4 132 3 131 
95 64 129 63 192 255 192 191 192 127 
223 194 194 130 66 1 193 129 65 0 192 
217 67 195 131 67 2 194 130 66 1 193 
47 160 64 159 224 127 224 95 224 63 
239 225 97 65 33 0 224 192 160 128 96 
236 161 225 193 161 129 97 65 33 0 224 
23 208 32 79 240 63 240 47 240 31 
247 240 176 160 144 128 112 96 80 64 48 
118 80 240 224 208 192 176 160 144 128 112 
139 232 16 39 248 31 248 23 248 15 
251 248 88 80 72 64 56 48 40 32 24 
187 40 120 112 104 96 88 80 72 64 56 
69 244 8 19 252 15 252 11 252 7 
253 252 44 40 36 32 28 24 20 16 12 
221 148 60 56 52 48 44 40 36 32 28 
34 250 4 9 254 7 254 5 254 3 
254 254 22 20 18 16 14 12 10 8 6 
238 202 30 28 26 24 22 20 18 16 14 
145 125 2 4 255 3 255 2 255 1 
255 127 11 10 9 8 7 6 5 4 3 
119 101 15 14 13 12 11 10 9 8 7 
72 190 129 2 127 129 255 129 127 128 
127 191 133 133 4 132 3 131 2 130 1 
187 178 135 135 6 134 5 133 4 132 3 
164 95 64 129 63 192 255 192 191 192 
191 223 194 194 130 66 1 193 129 65 0 
93 217 67 195 131 67 2 194 130 66 1 
82 47 160 64 159 224 127 224 95 224 
223 239 225 97 65 33 0 224 192 160 128 
174 236 161 225 193 161 129 97 65 33 0 
169 23 208 32 79 240 63 240 47 240 
239 247 240 176 160 144 128 112 96 80 64 
87 118 80 240 224 208 192 176 160 144 128 
212 139 232 16 39 248 31 248 23 248 
247 251 248 88 80 72 64 56 48 40 32 
43 187 40 120 112 104 96 88 80 72 64 
106 69 244 8 19 252 15 252 11 252 
251 253 252 44 40 36 32 28 24 20 16 
21 221 148 60 56 52 48 44 40 36 32 
181 34 250 4 9 254 7 254 5 254 
125 254 254 22 20 18 16 14 12 10 8 
10 238 202 30 28 26 24 22 20 18 16 
90 145 125 2 4 255 3 255 2 255 
190 255 127 11 10 9 8 7 6 5 4 
133 119 101 15 14 13 12 11 10 9 8 
173 72 190 129 2 127 129 255 129 127 
223 127 191 133 133 4 132 3 131 2 130 
194 187 178 135 135 6 134 5 133 4 132 
214 164 95 64 129 63 192 255 192 191 
239 191 223 194 194 130 66 1 193 129 65 
97 93 217 67 195 131 67 2 194 130 66 
107 82 47 160 64 159 224 127 224 95 
247 223 239 225 97 65 33 0 224 192 160 
48 174 236 161 225 193 161 129 97 65 33 
53 169 23 208 32 79 240 63 240 47 
251 239 247 240 176 160 144 128 112 96 80 
24 87 118 80 240 224 208 192 176 160 144 
154 212 139 232 16 39 248 31 248 23 
253 247 251 248 88 80 72 64 56 48 40 
140 43 187 40 120 112 104 96 88 80 72 
205 106 69 244 8 19 252 15 252 11 
254 251 253 252 44 40 36 32 28 24 20 
70 21 221 148 60 56 52 48 44 40 36 
102 181 34 250 4 9 254 7 254 5 
255 125 254 254 22 20 18 16 14 12 10 
35 10 238 202 30 28 26 24 22 20 18 
179 90 145 125 2 4 255 3 255 2 
255 190 255 127 11 10 9 8 7 6 5 
145 133 119 101 15 14 13 12 11 10 9 
217 173 72 190 129 2 127 129 255 129 
255 223 127 191 133 133 4 132 3 131 2 
200 194 187 178 135 135 6 134 5 133 4 
108 214 164 95 64 129 63 192 255 192 
127 239 191 223 194 194 130 66 1 193 129 
100 97 93 217 67 195 131 67 2 194 130 
182 107 82 47 160 64 159 224 127 224 
191 247 223 239 225 97 65 33 0 224 192 
178 48 174 236 161 225 193 161 129 97 65 
91 53 169 23 208 32 79 240 63 240 
223 251 239 247 240 176 160 144 128 112 96 
217 24 87 118 80 240 224 208 192 176 160 
173 154 212 139 232 16 39 248 31 248 
239 253 247 251 248 88 80 72 64 56 48 
108 140 43 187 40 120 112 104 96 88 80 
214 205 106 69 244 8 19 252 15 252 
247 254 251 253 252 44 40 36 32 28 24 
182 70 21 221 148 60 56 52 48 44 40 
107 102 181 34 250 4 9 254 7 254 
251 255 125 254 254 22 20 18 16 14 12 
91 35 10 238 202 30 28 26 24 22 20 
53 179 90 145 125 2 4 255 3 255 
253 255 190 255 127 11 10 9 8 7 6 
173 145 133 119 101 15 14 13 12 11 10 
26 217 173 72 190 129 2 127 129 255 
254 255 223 127 191 133 133 4 132 3 131 
214 200 194 187 178 135 135 6 134 5 133 
13 108 214 164 95 64 129 63 192 255 
255 127 239 191 223 194 194 130 66 1 193 
107 100 97 93 217 67 195 131 67 2 194 
134 182 107 82 47 160 64 159 224 127 
255 191 247 223 239 225 97 65 33 0 224 
181 178 48 174 236 161 225 193 161 129 97 
67 91 53 169 23 208 32 79 240 63 
255 223 251 239 247 240 176 160 144 128 112 
218 217 24 87 118 80 240 224 208 192 176 
161 173 154 212 139 232 16 39 248 31 
127 239 253 247 251 248 88 80 72 64 56 
237 108 140 43 187 40 120 112 104 96 88 
80 214 205 106 69 244 8 19 252 15 
191 247 254 251 253 252 44 40 36 32 28 
246 182 70 21 221 148 60 56 52 48 44 
168 107 102 181 34 250 4 9 254 7 
223 251 255 125 254 254 22 20 18 16 14 
123 91 35 10 238 202 30 28 26 24 22 
84 53 179 90 145 125 2 4 255 3 
239 253 255 190 255 127 11 10 9 8 7 
189 173 145 133 119 101 15 14 13 12 11 
42 26 217 173 72 190 129 2 127 129 
247 254 255 223 127 191 133 133 4 132 3 
222 214 200 194 187 178 135 135 6 134 5 
149 13 108 214 164 95 64 129 63 192 
251 255 127 239 191 223 194 194 130 66 1 
111 107 100 97 93 217 67 195 131 67 2 
202 134 182 107 82 47 160 64 159 224 
253 255 191 247 223 239 225 97 65 33 0 
183 181 178 48 174 236 161 225 193 161 129 
101 67 91 53 169 23 208 32 79 240 
254 255 223 251 239 247 240 176 160 144 128 
219 218 217 24 87 118 80 240 224 208 192 
178 161 173 154 212 139 232 16 39 248 
255 127 239 253 247 251 248 88 80 72 64 
109 237 108 140 43 187 40 120 112 104 96 
89 80 214 205 106 69 244 8 19 252 
255 191 247 254 251 253 252 44 40 36 32 
54 246 182 70 21 221 148 60 56 52 48 
44 168 107 102 181 34 250 4 9 254 
255 223 251 255 125 254 254 22 20 18 16 
155 123 91 35 10 238 202 30 28 26 24 
22 84 53 179 90 145 125 2 4 255 
255 239 253 255 190 255 127 11 10 9 8 
205 189 173 145 133 119 101 15 14 13 12 
139 42 26 217 173 72 190 129 2 127 
255 247 254 255 223 127 191 133 133 4 132 
230 222 214 200 194 187 178 135 135 6 134 
197 149 13 108 214 164 95 64 129 63 
255 251 255 127 239 191 223 194 194 130 66 
243 111 107 100 97 93 217 67 195 131 67 
226 202 134 182 107 82 47 160 64 159 
255 253 255 191 247 223 239 225 97 65 33 
249 183 181 178 48 174 236 161 225 193 161 
241 101 67 91 53 169 23 208 32 79 
255 254 255 223 251 239 247 240 176 160 144 
124 219 218 217 24 87 118 80 240 224 208 
120 178 161 173 154 212 139 232 16 39 
255 255 127 239 253 247 251 248 88 80 72 
190 109 237 108 140 43 187 40 120 112 104 
188 89 80 214 205 106 69 244 8 19 
255 255 191 247 254 251 253 252 44 40 36 
95 54 246 182 70 21 221 148 60 56 52 
222 44 168 107 102 181 34 250 4 9 
255 255 223 251 255 125 254 254 22 20 18 
175 155 123 91 35 10 238 202 30 28 26 
111 22 84 53 179 90 145 125 2 4 
255 255 239 253 255 190 255 127 11 10 9 
215 205 189 173 145 133 119 101 15 14 13 
183 139 42 26 217 173 72 190 129 2 
255 255 247 254 255 223 127 191 133 133 4 
107 230 222 214 200 194 187 178 135 135 6 
91 197 149 13 108 214 164 95 64 129 
255 255 251 255 127 239 191 223 194 194 130 
181 243 111 107 100 97 93 217 67 195 131 
173 226 202 134 182 107 82 47 160 64 
255 255 253 255 191 247 223 239 225 97 65 
90 249 183 181 178 48 174 236 161 225 193 
86 241 101 67 91 53 169 23 208 32 
255 255 254 255 223 251 239 247 240 176 160 
45 124 219 218 217 24 87 118 80 240 224 
171 120 178 161 173 154 212 139 232 16 
255 255 255 127 239 253 247 251 248 88 80 
150 190 109 237 108 140 43 187 40 120 112 
85 188 89 80 214 205 106 69 244 8 
255 255 255 191 247 254 251 253 252 44 40 
75 95 54 246 182 70 21 221 148 60 56 
170 222 44 168 107 102 181 34 250 4 
255 255 255 223 251 255 125 254 254 22 20 
37 175 155 123 91 35 10 238 202 30 28 
85 111 22 84 53 179 90 145 125 2 
255 255 255 239 253 255 190 255 127 11 10 
146 215 205 189 173 145 133 119 101 15 14 
170 183 139 42 26 217 173 72 190 129 
255 255 255 247 254 255 223 127 191 133 133 
201 107 230 222 214 200 194 187 178 135 135 
85 91 197 149 13 108 214 164 95 64 
255 255 255 251 255 127 239 191 223 194 194 
100 181 243 111 107 100 97 93 217 67 195 
170 173 226 202 134 182 107 82 47 160 
255 255 255 253 255 191 247 223 239 225 97 
50 90 249 183 181 178 48 174 236 161 225 
213 86 241 101 67 91 53 169 23 208 
255 255 255 254 255 223 251 239 247 240 176 
25 45 124 219 218 217 24 87 118 80 240 
106 171 120 178 161 173 154 212 139 232 
255 255 255 255 127 239 253 247 251 248 88 
12 150 190 109 237 108 140 43 187 40 120 
53 85 188 89 80 214 205 106 69 244 
255 255 255 255 191 247 254 251 253 252 44 
6 75 95 54 246 182 70 21 221 148 60 
26 170 222 44 168 107 102 181 34 250 
255 255 255 255 223 251 255 125 254 254 22 
3 37 175 155 123 91 35 10 238 202 30 
13 85 111 22 84 53 179 90 145 125 
255 255 255 255 239 253 255 190 255 127 11 
129 146 215 205 189 173 145 133 119 101 15 
134 170 183 139 42 26 217 173 72 190 
255 255 255 255 247 254 255 223 127 191 133 
64 201 107 230 222 214 200 194 187 178 135 
67 85 91 197 149 13 108 214 164 95 
255 255 255 255 251 255 127 239 191 223 194 
32 100 181 243 111 107 100 97 93 217 67 
33 170 173 226 202 134 182 107 82 47 
255 255 255 255 253 255 191 247 223 239 225 
16 50 90 249 183 181 178 48 174 236 161 
144 213 86 241 101 67 91 53 169 23 
255 255 255 255 254 255 223 251 239 247 240 
8 25 45 124 219 218 217 24 87 118 80 
200 106 171 120 178 161 173 154 212 139 
255 255 255 255 255 127 239 253 247 251 248 
4 12 150 190 109 237 108 140 43 187 40 
100 53 85 188 89 80 214 205 106 69 
255 255 255 255 255 191 247 254 251 253 252 
130 6 75 95 54 246 182 70 21 221 148 
50 26 170 222 44 168 107 102 181 34 
255 255 255 255 255 223 251 255 125 254 254 
193 3 37 175 155 123 91 35 10 238 202 
153 13 85 111 22 84 53 179 90 145 
255 255 255 255 255 239 253 255 190 255 127 
224 129 146 215 205 189 173 145 133 119 101 
204 134 170 183 139 42 26 217 173 72 
127 255 255 255 255 247 254 255 223 127 191 
240 64 201 107 230 222 214 200 194 187 178 
102 67 85 91 197 149 13 108 214 164 
191 255 255 255 255 251 255 127 239 191 223 
120 32 100 181 243 111 107 100 97 93 217 
179 33 170 173 226 202 134 182 107 82 
223 255 255 255 255 253 255 191 247 223 239 
60 16 50 90 249 183 181 178 48 174 236 
89 144 213 86 241 101 67 91 53 169 
239 255 255 255 255 254 255 223 251 239 247 
158 8 25 45 124 219 218 217 24 87 118 
172 200 106 171 120 178 161 173 154 212 
247 255 255 255 255 255 127 239 253 247 251 
79 4 12 150 190 109 237 108 140 43 187 
214 100 53 85 188 89 80 214 205 106 
123 255 255 255 255 255 191 247 254 251 253 
39 130 6 75 95 54 246 182 70 21 221 
107 50 26 170 222 44 168 107 102 181 
189 255 255 255 255 255 223 251 255 125 254 
147 193 3 37 175 155 123 91 35 10 238 
181 153 13 85 111 22 84 53 179 90 
222 255 255 255 255 255 239 253 255 190 255 
73 224 129 146 215 205 189 173 145 133 119 
218 204 134 170 183 139 42 26 217 173 
239 127 255 255 255 255 247 254 255 223 127 
36 240 64 201 107 230 222 214 200 194 187 
237 102 67 85 91 197 149 13 108 214 
247 191 255 255 255 255 251 255 127 239 191 
146 120 32 100 181 243 111 107 100 97 93 
118 179 33 170 173 226 202 134 182 107 
251 223 255 255 255 255 253 255 191 247 223 
201 60 16 50 90 249 183 181 178 48 174 
59 89 144 213 86 241 101 67 91 53 
253 239 255 255 255 255 254 255 223 251 239 
228 158 8 25 45 124 219 218 217 24 87 
157 172 200 106 171 120 178 161 173 154 
254 247 255 255 255 255 255 127 239 253 247 
114 79 4 12 150 190 109 237 108 140 43 
78 214 100 53 85 188 89 80 214 205 
255 123 255 255 255 255 255 191 247 254 251 
185 39 130 6 75 95 54 246 182 70 21 
167 107 50 26 170 222 44 168 107 102 
255 189 255 255 255 255 255 223 251 255 125 
92 147 193 3 37 175 155 123 91 35 10 
83 181 153 13 85 111 22 84 53 179 
255 222 255 255 255 255 255 239 253 255 190 
46 73 224 129 146 215 205 189 173 145 133 
169 218 204 134 170 183 139 42 26 217 
255 239 127 255 255 255 255 247 254 255 223 
23 36 240 64 201 107 230 222 214 200 194 
212 237 102 67 85 91 197 149 13 108 
255 247 191 255 255 255 255 251 255 127 239 
139 146 120 32 100 181 243 111 107 100 97 
106 118 179 33 170 173 226 202 134 182 
255 251 223 255 255 255 255 253 255 191 247 
197 201 60 16 50 90 249 183 181 178 48 
181 59 89 144 213 86 241 101 67 91 
255 253 239 255 255 255 255 254 255 223 251 
98 228 158 8 25 45 124 219 218 217 24 
90 157 172 200 106 171 120 178 161 173 
255 254 247 255 255 255 255 255 127 239 253 
177 114 79 4 12 150 190 109 237 108 140 
45 78 214 100 53 85 188 89 80 214 
255 255 123 255 255 255 255 255 191 247 254 
88 185 39 130 6 75 95 54 246 182 70 
22 167 107 50 26 170 222 44 168 107 
127 255 189 255 255 255 255 255 223 251 255 
44 92 147 193 3 37 175 155 123 91 35 
11 83 181 153 13 85 111 22 84 53 
191 255 222 255 255 255 255 255 239 253 255 
150 46 73 224 129 146 215 205 189 173 145 
5 169 218 204 134 170 183 139 42 26 
223 255 239 127 255 255 255 255 247 254 255 
75 23 36 240 64 201 107 230 222 214 200 
130 212 237 102 67 85 91 197 149 13 
239 255 247 191 255 255 255 255 251 255 127 
165 139 146 120 32 100 181 243 111 107 100 
65 106 118 179 33 170 173 226 202 134 
247 255 251 223 255 255 255 255 253 255 191 
210 197 201 60 16 50 90 249 183 181 178 
160 181 59 89 144 213 86 241 101 67 
251 255 253 239 255 255 255 255 254 255 223 
105 98 228 158 8 25 45 124 219 218 217 
208 90 157 172 200 106 171 120 178 161 
253 255 254 247 255 255 255 255 255 127 239 
52 177 114 79 4 12 150 190 109 237 108 
104 45 78 214 100 53 85 188 89 80 
254 255 255 123 255 255 255 255 255 191 247 
154 88 185 39 130 6 75 95 54 246 182 
52 22 167 107 50 26 170 222 44 168 
255 127 255 189 255 255 255 255 255 223 251 
77 44 92 147 193 3 37 175 155 123 91 
154 11 83 181 153 13 85 111 22 84 
255 191 255 222 255 255 255 255 255 239 253 
38 150 46 73 224 129 146 215 205 189 173 
77 5 169 218 204 134 170 183 139 42 
255 223 255 239 127 255 255 255 255 247 254 
19 75 23 36 240 64 201 107 230 222 214 
166 130 212 237 102 67 85 91 197 149 
127 239 255 247 191 255 255 255 255 251 255 
137 165 139 146 120 32 100 181 243 111 107 
211 65 106 118 179 33 170 173 226 202 
191 247 255 251 223 255 255 255 255 253 255 
196 210 197 201 60 16 50 90 249 183 181 
233 160 181 59 89 144 213 86 241 101 
223 251 255 253 239 255 255 255 255 254 255 
98 105 98 228 158 8 25 45 124 219 218 
244 208 90 157 172 200 106 171 120 178 
239 253 255 254 247 255 255 255 255 255 127 
49 52 177 114 79 4 12 150 190 109 237 
122 104 45 78 214 100 53 85 188 89 
247 254 255 255 123 255 255 255 255 255 191 
152 154 88 185 39 130 6 75 95 54 246 
61 52 22 167 107 50 26 170 222 44 
251 255 127 255 189 255 255 255 255 255 223 
76 77 44 92 147 193 3 37 175 155 123 
30 154 11 83 181 153 13 85 111 22 
253 255 191 255 222 255 255 255 255 255 239 
38 38 150 46 73 224 129 146 215 205 189 
15 77 5 169 218 204 134 170 183 139 
254 255 223 255 239 127 255 255 255 255 247 
19 19 75 23 36 240 64 201 107 230 222 
7 166 130 212 237 102 67 85 91 197 
255 127 239 255 247 191 255 255 255 255 251 
9 137 165 139 146 120 32 100 181 243 111 
131 211 65 106 118 179 33 170 173 226 
255 191 247 255 251 223 255 255 255 255 253 
132 196 210 197 201 60 16 50 90 249 183 
65 233 160 181 59 89 144 213 86 241 
255 223 251 255 253 239 255 255 255 255 254 
194 98 105 98 228 158 8 25 45 124 219 
160 244 208 90 157 172 200 106 171 120 
255 239 253 255 254 247 255 255 255 255 255 
225 49 52 177 114 79 4 12 150 190 109 
208 122 104 45 78 214 100 53 85 188 
255 247 254 255 255 123 255 255 255 255 255 
240 152 154 88 185 39 130 6 75 95 54 
232 61 52 22 167 107 50 26 170 222 
255 251 255 127 255 189 255 255 255 255 255 
120 76 77 44 92 147 193 3 37 175 155 
244 30 154 11 83 181 153 13 85 111 
255 253 255 191 255 222 255 255 255 255 255 
60 38 38 150 46 73 224 129 146 215 205 
250 15 77 5 169 218 204 134 170 183 
255 254 255 223 255 239 127 255 255 255 255 
158 19 19 75 23 36 240 64 201 107 230 
253 7 166 130 212 237 102 67 85 91 
255 255 127 239 255 247 191 255 255 255 255 
207 9 137 165 139 146 120 32 100 181 243 
126 131 211 65 106 118 179 33 170 173 
255 255 191 247 255 251 223 255 255 255 255 
103 132 196 210 197 201 60 16 50 90 249 
63 65 233 160 181 59 89 144 213 86 
255 255 223 251 255 253 239 255 255 255 255 
51 194 98 105 98 228 158 8 25 45 124 
