00000010000001001111111100000011111111110000001011111111000000011111111000000010
0000101100001010000010010000100000000111000001100000010100000100000000110000001000000001
0000111100001110000011010000110000001011000010100000100100001000000001110000011000000101
1 1 1 1
129 2 127 129 255 129 127 128 255 1 
133 133 4 132 3 131 2 130 1 129 0 
135 135 6 134 5 133 4 132 3 131 2 
10000001000000100111111110000001111111111000000101111111100000001111111100000001
1000010110000101000001001000010000000011100000110000001010000010000000011000000100000000
1000011110000111000001101000011000000101100001010000010010000100000000111000001100000010
0 0 0 0
64 129 63 192 255 192 191 192 127 128 
66 194 130 66 1 193 129 65 0 192 128 
67 195 131 67 2 194 130 66 1 193 129 
01000000100000010011111111000000111111111100000010111111110000000111111110000000
0100001011000010100000100100001000000001110000011000000101000001000000001100000010000000
0100001111000011100000110100001100000010110000101000001001000010000000011100000110000001
1 1 1 1
160 64 159 224 127 224 95 224 63 192 
161 97 65 33 0 224 192 160 128 96 64 
161 225 193 161 129 97 65 33 0 224 192 
10100000010000001001111111100000011111111110000001011111111000000011111111000000
1010000101100001010000010010000100000000111000001100000010100000100000000110000001000000
1010000111100001110000011010000110000001011000010100000100100001000000001110000011000000
1 0 1 1
208 32 79 240 63 240 47 240 31 224 
208 176 160 144 128 112 96 80 64 48 32 
80 240 224 208 192 176 160 144 128 112 96 
11010000001000000100111111110000001111111111000000101111111100000001111111100000
1101000010110000101000001001000010000000011100000110000001010000010000000011000000100000
0101000011110000111000001101000011000000101100001010000010010000100000000111000001100000
0 0 1 1
232 16 39 248 31 248 23 248 15 240 
104 88 80 72 64 56 48 40 32 24 16 
40 120 112 104 96 88 80 72 64 56 48 
11101000000100000010011111111000000111111111100000010111111110000000111111110000
0110100001011000010100000100100001000000001110000011000000101000001000000001100000010000
0010100001111000011100000110100001100000010110000101000001001000010000000011100000110000
0 1 1 0
244 8 19 252 15 252 11 252 7 248 
52 44 40 36 32 28 24 20 16 12 8 
148 60 56 52 48 44 40 36 32 28 24 
11110100000010000001001111111100000011111111110000001011111111000000011111111000
0011010000101100001010000010010000100000000111000001100000010100000100000000110000001000
1001010000111100001110000011010000110000001011000010100000100100001000000001110000011000
1 1 1 1
250 4 9 254 7 254 5 254 3 252 
154 22 20 18 16 14 12 10 8 6 4 
202 30 28 26 24 22 20 18 16 14 12 
11111010000001000000100111111110000001111111111000000101111111100000001111111100
1001101000010110000101000001001000010000000011100000110000001010000010000000011000000100
1100101000011110000111000001101000011000000101100001010000010010000100000000111000001100
0 0 0 1
125 2 4 255 3 255 2 255 1 254 
77 11 10 9 8 7 6 5 4 3 2 
101 15 14 13 12 11 10 9 8 7 6 
01111101000000100000010011111111000000111111111100000010111111110000000111111110
0100110100001011000010100000100100001000000001110000011000000101000001000000001100000010
0110010100001111000011100000110100001100000010110000101000001001000010000000011100000110
1 1 1 1
190 129 2 127 129 255 129 127 128 255 
166 133 133 4 132 3 131 2 130 1 129 
178 135 135 6 134 5 133 4 132 3 131 
10111110100000010000001001111111100000011111111110000001011111111000000011111111
1010011010000101100001010000010010000100000000111000001100000010100000100000000110000001
1011001010000111100001110000011010000110000001011000010100000100100001000000001110000011
0 1 0 1
95 64 129 63 192 255 192 191 192 127 
83 66 194 130 66 1 193 129 65 0 192 
217 67 195 131 67 2 194 130 66 1 193 
01011111010000001000000100111111110000001111111111000000101111111100000001111111
0101001101000010110000101000001001000010000000011100000110000001010000010000000011000000
1101100101000011110000111000001101000011000000101100001010000010010000100000000111000001
0 1 0 1
47 160 64 159 224 127 224 95 224 63 
41 161 97 65 33 0 224 192 160 128 96 
236 161 225 193 161 129 97 65 33 0 224 
00101111101000000100000010011111111000000111111111100000010111111110000000111111
0010100110100001011000010100000100100001000000001110000011000000101000001000000001100000
1110110010100001111000011100000110100001100000010110000101000001001000010000000011100000
1 0 0 1
23 208 32 79 240 63 240 47 240 31 
148 208 176 160 144 128 112 96 80 64 48 
118 80 240 224 208 192 176 160 144 128 112 
00010111110100000010000001001111111100000011111111110000001011111111000000011111
1001010011010000101100001010000010010000100000000111000001100000010100000100000000110000
0111011001010000111100001110000011010000110000001011000010100000100100001000000001110000
1 1 1 1
139 232 16 39 248 31 248 23 248 15 
202 104 88 80 72 64 56 48 40 32 24 
187 40 120 112 104 96 88 80 72 64 56 
10001011111010000001000000100111111110000001111111111000000101111111100000001111
1100101001101000010110000101000001001000010000000011100000110000001010000010000000011000
1011101100101000011110000111000001101000011000000101100001010000010010000100000000111000
1 1 0 1
69 244 8 19 252 15 252 11 252 7 
229 52 44 40 36 32 28 24 20 16 12 
221 148 60 56 52 48 44 40 36 32 28 
01000101111101000000100000010011111111000000111111111100000010111111110000000111
1110010100110100001011000010100000100100001000000001110000011000000101000001000000001100
1101110110010100001111000011100000110100001100000010110000101000001001000010000000011100
1 1 0 1
34 250 4 9 254 7 254 5 254 3 
242 154 22 20 18 16 14 12 10 8 6 
238 202 30 28 26 24 22 20 18 16 14 
00100010111110100000010000001001111111100000011111111110000001011111111000000011
1111001010011010000101100001010000010010000100000000111000001100000010100000100000000110
1110111011001010000111100001110000011010000110000001011000010100000100100001000000001110
0 0 1 1
145 125 2 4 255 3 255 2 255 1 
121 77 11 10 9 8 7 6 5 4 3 
119 101 15 14 13 12 11 10 9 8 7 
10010001011111010000001000000100111111110000001111111111000000101111111100000001
0111100101001101000010110000101000001001000010000000011100000110000001010000010000000011
0111011101100101000011110000111000001101000011000000101100001010000010010000100000000111
0 1 0 0
72 190 129 2 127 129 255 129 127 128 
60 166 133 133 4 132 3 131 2 130 1 
187 178 135 135 6 134 5 133 4 132 3 
01001000101111101000000100000010011111111000000111111111100000010111111110000000
0011110010100110100001011000010100000100100001000000001110000011000000101000001000000001
1011101110110010100001111000011100000110100001100000010110000101000001001000010000000011
1 0 1 0
164 95 64 129 63 192 255 192 191 192 
158 83 66 194 130 66 1 193 129 65 0 
93 217 67 195 131 67 2 194 130 66 1 
10100100010111110100000010000001001111111100000011111111110000001011111111000000
1001111001010011010000101100001010000010010000100000000111000001100000010100000100000000
0101110111011001010000111100001110000011010000110000001011000010100000100100001000000001
1 1 0 1
82 47 160 64 159 224 127 224 95 224 
207 41 161 97 65 33 0 224 192 160 128 
174 236 161 225 193 161 129 97 65 33 0 
01010010001011111010000001000000100111111110000001111111111000000101111111100000
1100111100101001101000010110000101000001001000010000000011100000110000001010000010000000
1010111011101100101000011110000111000001101000011000000101100001010000010010000100000000
0 0 1 1
169 23 208 32 79 240 63 240 47 240 
103 148 208 176 160 144 128 112 96 80 64 
87 118 80 240 224 208 192 176 160 144 128 
1 0 1 0
1 0 0 0
0 0 1 0
1 1 0 1
0 1 1 0
1 0 1 0
1 0 0 1
0 0 0 0
1 1 1 1
1 0 1 0
0 0 0 0
0 1 1 1
1 1 1 1
0 0 0 0
1 1 1 0
1 1 0 1
1 0 1 1
0 1 1 1
1 0 0 0
1 1 0 1
0 1 0 0
0 0 0 1
1 1 1 0
1 1 0 1
0 1 1 1
0 1 0 1
1 0 1 0
0 1 0 1
0 1 0 0
0 0 1 1
1 1 1 0
0 1 0 1
0 0 1 0
1 0 0 1
1 1 0 0
1 1 0 1
1 1 1 1
1 1 1 0
0 1 1 0
1 0 1 0
1 1 0 0
0 0 1 0
1 1 1 0
1 1 0 0
1 0 1 0
0 0 0 0
0 1 1 1
0 0 0 1
0 0 1 0
1 1 0 0
0 0 1 0
1 1 0 1
1 1 1 1
0 1 0 1
0 0 1 1
0 0 1 1
1 0 0 1
0 0 0 1
0 0 0 1
0 0 0 0
0 1 1 0
1 0 0 0
1 0 0 0
1 1 1 0
0 0 1 1
0 1 0 0
0 1 0 0
1 1 1 1
0 1 1 0
1 0 0 1
1 0 1 0
0 1 0 1
1 0 1 0
0 1 1 0
1 0 0 0
0 0 1 1
1 1 1 1
1 1 1 0
1 0 0 1
1 1 0 0
1 0 1 0
0 0 0 0
1 1 1 0
1 1 0 1
0 1 1 1
1 1 1 0
0 0 0 1
1 1 1 0
1 1 0 0
0 1 0 0
0 1 0 1
1 1 0 0
1 1 0 0
1 1 1 1
0 0 0 0
1 0 1 1
0 0 1 0
1 0 0 1
1 0 0 1
0 1 1 0
1 0 0 1
1 1 1 1
0 0 1 0
0 1 1 0
1 1 1 0
1 1 0 1
1 1 0 1
0 1 0 1
0 0 0 0
0 0 0 0
1 1 1 1
1 0 0 1
0 1 1 1
0 1 0 0
1 0 0 1
1 0 1 1
0 1 0 0
1 1 0 0
1 0 0 0
0 1 0 0
0 0 0 0